@subtask samples
manual  1.in

@subtask slow
gencode   10 		12 		5 		1000 		2 	1000		2200
gencode   20 		20 		5 		1000 		2 	1000		2300
gencode   20 		22 		1 		1000 		2 	1000		2100
gencode   23 		23 		1 		1000 		2 	1000		2200
gencode   22 		20 		1 		1000 		2 	1000		2300
gencode   10		10		1		20			0	0			10		1
gencode	200		200		9		12321		5	100			2000
gencode	200		200		50		12321		2	99			2001
gencode	200		200		50		12321		3	99			2001
gencode	200		200		50		12321		1	99			2001
gencode	200		200		49		12321		1	99			2001
gencode	200		200		5		12321		7	110			4000
gencode	200		200		5		12321		8	120			5000
gencode	200		200		5		12321		10	130			6000
gencode	200		200		5		12321		60	150			8000
gencode	200		200		5		12321		20	150			8000

@subtask redsfirst
gen-redsfirst   20		15		100		1
gen-redsfirst   200		90		1000	1
gen-redsfirst   100000	50000	1000000000	1
gen-redsfirst   100000	50001	1000000000	1
gen-redsfirst   50000	100002	1000000000	1
gen-redsfirst   100000	100000	1000000000	1
gen-redsfirst   100000	100001	1000000000	1
gen-redsfirst   110000	110000	1000000000	1
gen-redsfirst   110000	110001	1000000000	1

@subtask smallblocks
gen-redsfirst   6		6		100		1
gen-smallblocks 10 		10 		5 		1000 		2 	1000  		2000       	6
gen-smallblocks 100000	100000	1		1000000000	0	0			0			6
gen-smallblocks 100000	100000	6		10000000	200	10000		10000		6 
gen-smallblocks 11 		10 		5 		1000 		2 	1000  		2100       	6
gen-smallblocks 10 		12 		5 		1000 		2 	1000  		2200       	6
gen-smallblocks 10 		11 		6 		1000 		2 	1000  		2300       	6
gen-smallblocks 21 		20 		1 		1000 		2 	1000  		2100       	6
gen-smallblocks 20 		21 		5 		1000 		2 	1000  		2200       	6
gen-smallblocks 20 		20 		5 		1000 		2 	1000  		2300       	6
gen-smallblocks 20 		22 		1 		1000 		2 	1000  		2100       	6
gen-smallblocks 23 		23 		6 		1000 		2 	1000  		2200       	6
gen-smallblocks 22 		20 		1 		1000 		2 	1000  		2300       	6
gen-smallblocks 10		10		1		20			0	0			10			6
gen-smallblocks 100		100		1		2006		0	0			10			6
gen-smallblocks 100		100		1		2016		0	0			10			6
gen-smallblocks 100		100		6		2016		0	0			10			6
gen-smallblocks 100000	100000 	1 		1000000000	0	0			2			6
gen-smallblocks 100000	100000 	1 		1000000000	100	100 		2000		6
gen-smallblocks 100000	100000 	6 		1000000000	200	1000 		20001		6
gen-smallblocks 100000	100000 	1 		1000000000	1000	1000 	12356		6
gen-smallblocks 100000	100000 	2 		1000000000	20	10000 		12321		6
gen-smallblocks 100000	100000 	2 		1000000000	30	100 		505			6
gen-smallblocks 100000	100000 	2 		1000000000	40	2000 		5005		6

@subtask consecutive
gen-consecutive 10 		10 		2 		1000 		2 	1000  		2000       	5		3
gen-consecutive 100000	100000	1000	1000000000	0	0			0			10000	3
gen-consecutive 100000	100000	2		1000000		0	0			0			20		3
gen-consecutive 100000	100000	100		1000000		0	0			0			1000	3
gen-consecutive 100000 	100000 	2	 	1000000		0 	0 			0			20		3
gen-consecutive 11 		10 		2 		1000 		2 	1000  		2100       	5		3
gen-consecutive 10 		12 		2 		1000 		2 	1000  		2200       	6		3
gen-consecutive 10 		11 		1 		1000 		2 	1000  		2300       	7		3
gen-consecutive 21 		20 		1 		1000 		2 	1000  		2100       	8		3
gen-consecutive 20 		21 		3 		1000 		2 	1000  		2200       	9		3
gen-consecutive 20 		20 		3 		1000 		2 	1000  		2300       	4		3
gen-consecutive 23 		23 		1 		1000 		2 	1000  		2200       	4		3
gen-consecutive 22 		20 		1 		1000 		2 	1000  		2300       	10		3
gen-consecutive 10		10		1		20			0	0			10			5		3
gen-consecutive 100		100		1		2006		0	0			10			10		3
gen-consecutive 100		100		1		2016		0	0			10			100		3
gen-consecutive 100		100		1		2016		0	0			10			100		3
gen-consecutive 100000	100000 	40000 	1000000000	5	10000000	10000000	40005	3
gen-consecutive 100000	100000 	400 	1000000000	0	0			2			500		3
gen-consecutive 100000	100000 	1000 	1000000000	0	0			2			2000	3
gen-consecutive 100000	100000 	10000	1000000000	0	0			2			20000	3
gen-consecutive 100000	100000 	50000	1000000000	0	0			2			90000	3
gen-consecutive 100000	100000 	50000	1000000000	0	0			2			90001	3
gen-consecutive 100000	100000 	50000	1000000000	0	0			2			90002	3

@subtask full
@include slow redsfirst consecutive smallblocks
gencode   100000	100000	1		1000000000	0	0			0
gencode   100000	100000	1		10000000	200	10000		10000
gencode   100000	100000	1000	1000000000	0	0			0
gencode   100000	100000	10000	1000000		10	100000		100000
gencode   100000	100000	10000	1000000		0	0			0
gencode   100000	100000	100		1000000		0	0			0
gencode   100000 	100000 	20000 	1000000		0 	0 			0
gencode   100000	100000	10000	1000000		100	10000		10000
gencode   100000	100000	100		1000000		10	100000		100000
gencode   100000	100000	20000	1000000		2	10000000	10000000
gencode   100000	100000 	40000 	1000000000	5	10000000	10000000
gencode   100000	100000 	1 		1000000000	0	0			2
gencode   100000	100000 	40000 	1000000000	9	10000000	10000000
gencode   100000 	100000 	40000	1000000000 	12 	10000000	10000000 1
gencode   100000	100000 	1 		1000000000	0	0 			10
gencode   100000	100000 	1 		1000000000	0	0 			11
gencode   100000	100000 	40000 	1000000000	6	10000000 	10000000
gencode   100000	100000 	1 		1000000000	5	0 			16
gencode   100000	100000 	1 		1000000000	6	0 			17
gencode   100000	100000 	400 	1000000000	10	10000		100000	1
gencode   100000	100000 	1000 	1000000000	50	100000		200000	2
gencode   100000	100000 	10000	1000000000	30	20230		200000	3
gencode   100000	100000 	50000	1000000000	100	3000		200000	4
gencode   100000	100000 	50000	1000000000	20	100000		200000	5
gencode   100000	100000 	50000	1000000000	50	1000000		2000000	6
gencode   100000	100000 	50000	1000000000	50	1000000		2000000	6
gencode   100000	100000 	5		1000000000	51	1000000		2000000	6
gencode   100000	100000 	5		1000000000	52	1000000		2000000	6
gencode   100000	100000 	5		1000000000	53	1000000		2000000	6
